42382209
42180774
42170864
42061624
41852981
41798841
41792474
41719509
41710442
41499171
41491693
43329384
43317838
43304760
43194572
43191485
43132457
43129293
42930946
42928959
42682388
42675593
42672845
42672236
42633604
42583868
42576354
42567033
42517867
42507489
42402226
42390406
45754228
45754077
45718430
45632837
45632028
45629439
45532263
45519792
45011354
45001777
44800399
44791809
44314433
44311654
44311588
44212200
44209506
44149130
44127765
48846227
48844079
48805897
48567036
48351433
48340815
47937077
47934724
47908052
47759152
47742124
47731538
47629077
47563935
47557826
47428922
47418971
47406198
46151803
46146685
46068232
45923792
45913624
45810982
45805639
45769584
45769401
50747229
50466940
50456238
50438075
50387344
50384311
50359053
50209026
50192744
50168922
50118214
50112765
50014732
50007137
49719021
49717197
49600825
49566687
49408156
49292294
49289390
49256541
49252567
49012721
49004704
48997282
51720852
51705814
51689568
51649173
51634274
51627746
51533514
51526112
51182071
51177012
51010074
50978878
50962699
50939433
50865342
50844616
50755974
53338977
53329355
53258674
53257676
53239656
53228887
53151985
53144124
53129719
52870488
52841218
52833615
52693998
52687853
52119939
52112560
52105402
52098375
52046933
52040599
52034476
53914037
53887326
53886634
53885924
53860915
53860829
53859587
53752184
53748274
53745372
53745328
53642988
53642915
53640955
53640403
53528436
53525231
53513049
53507854
53499248
53424118
53372514
54302456
54295173
54288814
54207146
54203567
54194799
54180690
54146821
54146636
54146586
54126691
54121211
54105803
54102903
54075725
54075450
54073777
54072557
54047475
54045326
54035540
54029888
53933836
54809563
54809236
54809091
54724809
54724036
54722173
54695348
54675008
54538466
54393877
54393518
54393355
54341191
54341082
54340838
54340607
54850727
54850397
54849259
54848216
54848159
54847893
54847534
54847132
54818039
54817773
54817699
54817640
54817550
54817146
54816923
54816743
54816665
54816467
54816387
54814145
54813887
54813690
54813463
54813281
54812815
54811961
54811611
54811437
54811272
54811102
54810908
54810768
54810669
54810553
54810453
54810240
54883166
54881759
54880225
54876581
54876292
54875405
54870748
54866388
54866166
54864149
54862876
54858699
54854851
54854157
54852629
54852076
55377222
55346144
55341482
55309650
55304420
55303539
55137989
55044891
55037755
55022349
54955311
54952846
54920236
54884849
54884556
56321931
56314469
56109327
56102105
56091597
56085013
55907449
55890607
55878750
55798438
55783791
55773506
55758156
55640837
55620787
55447097
55438795
55412547
55412522
55410944
55400229
55400144
55393413
55390023
55383289
55382053
58004193
57998836
57862906
57707438
57706508
57705455
57704461
57537916
57526550
57514847
57410731
57405058
57389961
57240857
57224275
57214011
57048135
57042430
57025493
56993506
56990935
59240842
59175919
59156820
59150778
59043726
59013581
59005609
58761305
58733023
58723825
58720144
58622780
58622332
58596158
58579402
58438879
58305504
58274019
60035647
60034722
60034143
59823988
59823972
59770439
59729447
59720484
59715450
59560376
59453291
59343557
59337762
59318076
59280337
59241554
59240981
61477524
61179447
61135554
61130216
60893024
60869644
60857305
60804050
60796980
60781948
60612388
60582481
60538765
60127623
60094103
62736359
62702870
62688689
62515415
62378159
62129777
62123696
62055037
62025270
61995550
61670314
61670239
61648592
61626006
61623835
61614564
61511137
63361382
63350558
63348297
63343612
63329507
63236668
63180376
63153458
63142709
63132879
62986077
62981767
62941359
62821089
62811470
62786616
62738587
62736506
63983649
63748682
63742506
63683330
63683180
63614564
63531750
63492577
63456832
63447025
63431765
65375511
65361543
65352715
64825264
64814694
64805508
64426694
64422059
64399350
64387722
64374122
64248798
64238323
64222067
64210291
64109972
64042256
64034367
64008886
63998514
66191644
66191607
66191289
66152925
66145054
65993413
65987837
65982551
65966290
65878676
65873167
65841958
65832819
65717321
65716389
65715616
66796099
66705245
66699208
66686753
66406479
66356612
66328201
66323746
66285852
66285583
66285155
66278037
66278007
66277991
66244431
66193071
66192539
68242991
68189755
68171030
67967482
67966575
67816588
67804518
67800774
67732209
67726088
67720881
67635202
67535468
67530608
67435597
67435452
67435321
67378963
67248995
67247068
67228228
67216811
67210561
67209891
67008808
66878267
66876329
71145519
71126591
70548197
70548178
70307981
70277080
70267991
70255154
70243261
70064112
70036054
69369667
69368426
69347171
69321225
69306332
68646188
68643393
68519138
68508550
68500254
68464992
68414972
68414772
68261942
68247170
74955522
74441647
74434068
74400449
74136906
74098569
74078747
73251332
73239136
73235756
72815104
72802691
72794058
72657599
72632119
72337478
72321629
71788846
71781490
71777881
71714490
71709061
71705453
71178108
78736402
78724437
78686009
78157360
78139604
77524103
77511420
77495267
77494374
76584284
76559916
76536784
76522034
76508280
76372447
76349873
76339310
76140624
76123713
76113664
75874291
75861244
75412207
75356395
84790364
84778653
84754279
84510196
84444439
84431417
84260802
84205414
84181159
83994121
83957071
83942419
83646182
83640589
83427256
83411627
83399377
82834410
82793597
81526300
81507839
81488440
81265764
81238866
81225017
81213326
81205690
79209347
79174734
79156734
87580387
87553725
87524782
87140678
87114959
87093320
87086166
86585454
86577242
86518281
85968029
85947961
85939414
85659739
85647736
85628052
85371966
85316556
85308911
85299805
85042999
85002561
84995694
89242168
89219253
89123640
88995003
88975151
88957248
88482194
88462370
88432134
88379516
88303746
87893862
87882620
90173201
90172111
90124398
90119725
90097511
90074973
90016984
90011921
89976007
89974978
89909902
89904553
89724643
89705624
89661082
89462177
89423642
89416312
89344159
89282129
